779.5
1282.0
1282.0
1280.0
1296.0
1298.0
1291.0
1303.0
1280.0
492.5
1267.0
1283.0
356.0
1260.0
741.5
722.25
1268.0
1264.0
1285.0
1272.0
1256.0
1255.0
1292.0
1257.0
1287.0
1273.0
1278.0
1286.0
1276.0
1278.0
175.5
1282.0
1229.0
1300.0
1277.0
1267.0
1259.0
1291.0
629.0
1265.0
1298.0
1275.0
1257.0
1256.0
1284.0
1295.0
1278.25
1300.0
524.25
1296.0
1269.0
1291.0
1294.0
1298.0
1297.0
1292.0
1276.0
1286.0
1283.0
1282.0
1247.0
634.25
1306.0
1298.0
452.25
1272.0
1255.0
1274.0
685.0
1275.0
1246.0
1297.0
1300.0
1266.0
1288.0
1299.0
593.75
1230.0
1285.0
1287.0
1269.0
1288.0
1268.0
1292.0
572.5
648.25
1262.0
1274.0
1275.0
1271.0
1257.0
1280.0
707.0
1300.0
1262.0
1272.0
1278.0
1292.0
1292.0
1260.0Avg score over 100 tests: 1173.5675