1066.0
1096.0
1037.0
1055.0
1033.0
1065.0
1037.0
1045.0
1070.0
1092.0
1004.0
1085.0
1062.0
1018.0
1054.0
1068.0
1079.0
1066.0
1039.0
1075.0
1058.0
1086.0
1089.0
1006.0
1083.0
1089.0
1073.0
1095.0
1086.0
1063.0
1062.0
1062.0
1054.0
1065.0
1035.0
1088.0
1061.0
1062.0
1075.0
1067.0
1055.0
1060.0
1047.0
1065.0
1072.0
1084.0
1084.0
1060.0
1069.0
1093.0
1056.0
1012.0
1089.0
1065.0
1060.0
1048.0
1066.0
1079.0
1078.0
1054.0
1042.0
1079.0
1088.0
1076.0
999.0
1079.0
1077.0
1056.0
1098.0
1078.0
1052.0
1060.0
1088.0
1078.0
1072.0
1085.0
1052.0
1086.0
1084.0
1073.0
1034.0
1032.0
1024.0
1053.0
1070.0
1093.0
1059.0
1056.0
1066.0
1074.0
1053.0
1058.0
1087.0
1027.0
1041.0
1049.0
1060.0
1084.0
1041.0
1050.0
Avg score over 100 tests: 1063.14