1724.0
1749.0
1737.0
1708.0
1733.0
1663.0
1717.0
1737.0
1707.25
1764.0
1764.0
1761.0
1775.0
1765.0
1642.25
1724.0
1771.0
1771.0
1769.0
1765.0
1749.0
1711.0
1723.0
1750.0
1755.0
1675.0
1747.0
1761.0
1711.0
1736.0
1712.0
1752.0
1738.0
1775.0
1732.0
1777.0
1720.0
1731.0
1770.0
1711.0
1703.0
1758.0
1703.0
1713.0
1734.0
1748.0
1773.0
1283.5
1761.0
1723.0
1754.0
1779.0
1767.0
1750.0
1744.0
1741.0
1756.0
1733.0
1742.0
1756.0
1740.0
1559.0
1716.0
1709.0
1765.0
1767.0
1767.0
1746.0
1648.25
1696.0
1757.0
1711.0
1710.0
1745.0
1698.0
1742.0
1124.25
1726.0
1727.0
1654.25
660.5
882.0
1704.0
1736.0
1726.0
1740.0
1737.0
1663.0
1724.0
1725.0
1738.0
1583.0
1775.0
1765.0
1747.0
1756.0
1773.0
1742.0
1777.0
1716.0
Avg score over 100 tests: 1702.8125