1393.25
1346.25
1381.25
1397.25
1386.25
1391.25
1403.25
1406.25
1368.25
1385.25
1375.25
1361.25
1410.25
1386.25
1343.25
1397.25
1372.25
1409.25
1355.25
1348.25
1400.25
1364.25
1405.25
1354.25
1390.25
1386.25
1347.25
1371.25
1377.25
1410.25
1331.25
1384.25
1396.25
1376.25
1369.25
1407.25
1396.25
1328.25
1373.25
1410.25
1359.25
1377.25
1359.25
1369.25
1359.25
1411.25
1379.25
1367.25
1402.25
1387.25
1399.25
1401.25
1325.25
1407.25
1351.25
1348.25
1393.25
1389.25
1387.25
1367.25
1375.25
1315.25
1390.25
1393.25
1390.25
1410.25
1383.25
1374.25
1363.25
1361.25
1382.25
1413.25
1381.25
1392.25
1398.25
1380.25
1311.25
1389.25
1393.25
1415.25
1411.25
1295.25
1370.25
1381.25
1377.25
1409.25
1394.25
1391.25
1383.25
1392.25
1373.25
1400.25
1268.25
1371.25
1405.25
1331.25
1376.25
1397.25
1363.25
1395.25Avg score over 100 tests: 1378.37